270342	-1
244742	-1
305155	-1
401418	-1
334864	-1
28698	-1
103450	-1
90140	-1
321574	-1
236582	-1
217126	-1
272418	-1
317474	-1
27687	-1
319532	-1
162856	-1
426025	-1
283697	-1
11317	-1
55349	-1
475198	-1
361535	-1
284728	-1
331845	-1
113731	-1
26699	-1
239695	-1
258135	-1
66646	-1
267358	-1
331864	-1
305255	-1
140392	-1
443498	-1
323690	-1
341109	-1
102512	-1
204914	-1
151668	-1
373885	-1
65659	-1
317563	-1
22655	-1
397447	-1
313478	-1
88195	-1
53383	-1
374920	-1
437398	-1
201878	-1
416915	-1
285852	-1
153755	-1
321693	-1
285854	-1
310424	-1
309415	-1
91306	-1
141492	-1
81078	-1
81083	-1
373950	-1
54459	-1
63675	-1
373944	-1
460997	-1
32967	-1
430286	-1
365775	-1
405704	-1
183507	-1
99540	-1
303314	-1
316627	-1
479440	-1
297183	-1
424166	-1
121057	-1
42208	-1
154851	-1
66787	-1
235750	-1
396524	-1
332008	-1
189682	-1
388342	-1
81140	-1
46332	-1
401666	-1
371968	-1
318734	-1
276744	-1
318731	-1
416022	-1
420116	-1
339223	-1
81172	-1
278802	-1
124182	-1
335132	-1
99610	-1
82204	-1
228641	-1
403749	-1
45349	-1
331053	-1
372013	-1
102696	-1
9517	-1
318772	-1
236850	-1
311603	-1
153912	-1
295230	-1
264504	-1
337209	-1
200000	-1
43332	-1
232773	-1
129354	-1
210255	-1
330057	-1
55628	-1
197969	-1
259408	-1
477523	-1
310609	-1
259413	-1
41302	-1
312659	-1
165210	-1
18780	-1
53603	-1
272737	-1
331116	-1
342391	-1
70005	-1
315772	-1
343422	-1
186754	-1
393602	-1
176516	-1
368015	-1
465293	-1
489869	-1
201096	-1
320916	-1
430487	-1
202129	-1
222609	-1
313751	-1
335249	-1
245140	-1
390546	-1
215448	-1
199064	-1
90528	-1
265645	-1
276906	-1
62896	-1
8624	-1
215473	-1
260528	-1
252340	-1
70079	-1
58817	-1
394692	-1
5571	-1
51653	-1
59845	-1
243147	-1
172491	-1
403917	-1
403927	-1
306646	-1
387536	-1
26070	-1
233941	-1
30169	-1
255448	-1
458200	-1
251356	-1
251362	-1
344544	-1
188910	-1
344552	-1
31214	-1
153079	-1
14837	-1
44535	-1
300542	-1
202239	-1
421383	-1
144902	-1
267776	-1
303617	-1
383491	-1
35339	-1
396808	-1
52750	-1
321035	-1
396809	-1
252432	-1
462352	-1
329252	-1
329248	-1
331311	-1
267829	-1
13877	-1
67124	-1
296498	-1
165434	-1
178744	-1
79419	-1
331320	-1
375354	-1
460359	-1
52801	-1
263751	-1
439874	-1
45638	-1
242244	-1
154186	-1
266831	-1
108115	-1
289362	-1
13916	-1
262746	-1
133731	-1
13921	-1
19043	-1
274023	-1
38499	-1
436832	-1
357997	-1
262766	-1
422506	-1
64108	-1
62062	-1
262763	-1
298603	-1
47731	-1
262768	-1
28277	-1
211578	-1
194175	-1
297593	-1
216707	-1
321157	-1
312966	-1
421506	-1
317057	-1
254603	-1
37513	-1
395919	-1
247433	-1
267918	-1
492173	-1
432781	-1
398995	-1
416401	-1
19097	-1
304792	-1
32412	-1
126625	-1
167590	-1
7845	-1
21159	-1
330415	-1
289455	-1
252591	-1
274091	-1
290491	-1
12996	-1
19145	-1
312014	-1
338638	-1
67274	-1
244431	-1
24271	-1
185043	-1
266962	-1
108247	-1
41688	-1
465630	-1
308957	-1
333541	-1
338656	-1
392931	-1
94951	-1
450286	-1
258792	-1
150249	-1
162541	-1
185069	-1
120561	-1
120560	-1
58098	-1
392946	-1
398076	-1
263935	-1
267002	-1
99072	-1
368390	-1
185102	-1
62226	-1
288529	-1
249620	-1
381714	-1
185113	-1
264997	-1
328481	-1
334625	-1
271139	-1
317224	-1
338731	-1
443191	-1
181040	-1
276285	-1
333631	-1
165689	-1
20288	-1
368452	-1
143171	-1
179018	-1
457547	-1
230222	-1
100174	-1
239442	-1
185172	-1
341851	-1
256867	-1
300901	-1
369510	-1
232293	-1
246635	-1
266092	-1
419692	-1
367465	-1
256879	-1
294763	-1
328554	-1
285556	-1
291716	-1
239490	-1
418692	-1
479109	-1
149382	-1
224132	-1
422792	-1
424852	-1
269201	-1
51093	-1
82839	-1
61338	-1
299928	-1
329626	-1
262050	-1
231329	-1
64419	-1
374689	-1
17317	-1
179109	-1
9127	-1
21417	-1
436141	-1
275370	-1
314283	-1
300981	-1
125872	-1
186291	-1
393143	-1
251824	-1
224183	-1
55221	-1
187316	-1
13243	-1
339896	-1
432056	-1
285637	-1
411585	-1
329677	-1
71627	-1
32714	-1
443341	-1
336841	-1
393161	-1
13269	-1
304083	-1
140248	-1
139231	-1
265188	-1
190438	-1
210918	-1
338923	-1
411636	-1
328694	-1
51187	-1
276466	-1
314354	-1
69623	-1
422908	-1
329720	-1
364539	-1
313339	-1
395257	-1
60415	-1
